String plaintext = "BANGLADESH BEAUTIFUL MY NUMBER 12";
CipherText is : EDQJODGHVK EHDXWLIXO PB QXPEHU 12


 (0 0)E    (0 1)L    (0 2)2   
 (1 0)D    (1 1)I    (1 2)    
 (2 0)Q    (2 1)X    (2 2)    
 (3 0)J    (3 1)O    (3 2)    
 (4 0)O    (4 1)     (4 2)    
 (5 0)D    (5 1)P    (5 2)    
 (6 0)G    (6 1)B    (6 2)    
 (7 0)H    (7 1)     (7 2)    
 (8 0)V    (8 1)Q    (8 2)    
 (9 0)K    (9 1)X    (9 2)    
 (10 0)     (10 1)P    (10 2)    
 (11 0)E    (11 1)E    (11 2)    
 (12 0)H    (12 1)H    (12 2)    
 (13 0)D    (13 1)U    (13 2)    
 (14 0)X    (14 1)     (14 2)    
 (15 0)W    (15 1)1    (15 2)    


 (0 0)E    (0 1)L    (0 2)2   
 (1 0)E    (1 1)J    (1 2)    
 (2 0)S    (2 1)@    (2 2)    
 (3 0)M    (3 1)R    (3 2)    
 (4 0)S    (4 1)     (4 2)    
 (5 0)I    (5 1)U    (5 2)    
 (6 0)M    (6 1)H    (6 2)    
 (7 0)O    (7 1)     (7 2)    
 (8 0)D    (8 1)Y    (8 2)    
 (9 0)T    (9 1)G    (9 2)    
 (10 0)     (10 1)@    (10 2)    
 (11 0)P    (11 1)P    (11 2)    
 (12 0)T    (12 1)T    (12 2)    
 (13 0)Q    (13 1)H    (13 2)    
 (14 0)L    (14 1)     (14 2)    
 (15 0)L    (15 1)1    (15 2)    